0.000005
219.740502
45.210918
344.552785
82.835513
195.714261
54.905296
54.367897
180.654532
337.379614
58.275424
163.34042
249.053728
92324.548321
205.757155
330.967664
104.212982
432.180376
44.710745
195.693966
88.585158
187.547277
207.454138
83.962827
96.770874
58.243094
98.064726
80.870646
143.966634
269.397158
181.293246
306.413678
203.462862
111.874004
66.54131
140.724913
180.288895
259.428169
8.026508
88.606493
212.959233
38724.465519
147.054957
69.024292
335.01103
19.043572
751.384895
22.291838
508.8863
360.140834
35.677374
99982.372691
47.087672
87237.870108
47.75204
25.702202
253.804153
10.374188
18.112462
56319.956142
74.19065
105.597675
216.625621
132.325125
215.536337
31.509513
38.642308
137.862871
30.206989
157.686444
134.841793
109.716997
85.679304
110.131222
36.132732
408.201365
290.767266
180.680166
675.006346
221.127909
71.547716
43.620267
98183.062891
333.993017
42.229742
276.950145
94.962169
338.370259
119.736878
348.533968
84.308939
299.619504
378.703543
61.198649
76.312459
146.009571
34.108524
105.701105
167.750771
433.870743
173.335818
80.647032
213.415758
40.504087
82.906345
90.258359
128.347884
106.198875
33995.891035
171.496567
38.232255
31.80371
30.727669
65590.859465
101.238423
117.616488
104.139967
279.379379
76.588865
110.588637
290.422468
198.966112
14.902031
51.620824
454.144163
171.869877
290.553207
55.715803
19.96712
166.485023
262.965094
58.72091
391.706221
159.572564
861.874646
50.073349
164.569338
276.711822
158.190543
160.066682
41.757767
186.431129
23.976008
90.851501
42.378277
139.077212
238.807114
93338.53485
40.907216
247.041982
96.741905
167.015269
172.991604
101.577779
131.716394
216.014409
133.850814
175.940655
121.203325
62.385741
165.403525
516.745326
347.667628
225.708415
144.764294
706.098889
58.816289
178.593743
698.422409
5.67201
198.373579
10.834733
336.959503
256.488523
106.038265
142.878965
154.231985
232.911869
96.832337
63.492066
282.853092
177.930706
261.867699
133.807455
30.616154
76.028053
121.345487
127.974012
99.883663
238.147486
85.941333
26.640676
269.545021
171.028726
36.494389
79.593143
61796.016286
529.550962
214.296966
244.264213
214.226969
87.303608
399.94863
375.784722
473.634949
124.169878
98.376923
111.581378
40513.198308
40510.832037
133.285842
154.611614
169.365004
89.489872
232.998774
42.921084
118.436071
189.210939
190.495691
97.680404
143.006436
25.116334
318.500454
346.408784
42.593097
112.548976
90664.310495
14.721417
88.791103
238.146854
113.404197
147.233898
159.52861
107.615933
165.728492
94.236506
367.571878
121.841397
57.451984
165.809761
292.385468
267.540066
117.042189
149.683001
203.191445
223.616904
30.437747
182.234803
109.580445
68.70303
151.917366
90428.958233
87039.55878
185.830563
119.201069
83.415941
130.432066
181.950812
163.524544
288.054151
94.46145
183.968039
152.458331
29.10489
199.821307
323.920976
43084.184238
98.25396
51380.617026
297.54482
60.803745
163.491894
367.005786
514.343183
338.894446
147.224965
54.424217
52.90964
360.260967
46389.580887
153.174205
231.842877
571.64819
141.144447
264.152902
789.302949
19561.789242
504.328313
125.030389
182.901456
55.490139
418.760597
122.084699
44.955216
119.753665
252.856978
34.224354
91.497639
398.684152
48.322382
79.670013
111.694875
105.131447
110.908016
169.743701
41.255768
39.786882
55.624456
74.217062
164.737996
65.43609
135.394748
48315.475362
68.311683
135.519563
46.308312
172.392581
28.180272
294.889158
46597.447642
180.408419
85.991162
131.495461
140.072119
84.237274
53.130073
417.265195
642.671089
193.445399
109.844962
46495.3549
349.502422
127.682217
262.07305
49756.933941
197.914779
135.962461
70.809804
40109.293062
132.526292
55.720609
91860.143242
113.602468
86.89952
141.868214
108.886464
123.730462
355.973097
55.901505
252.525401
25.778783
30.293734
45.625769
145.663137
255.325504
630.150175
90.138768
27.582386
210.716984
12.827975
56.577206
72.186722
785.677162
192.715672
324.864284
367.154837
286.452905
67.769521
227.964145
611.451556
240.794017
64217.544238
76.730463
540.769796
146.501596
23.934179
178.01433
55.839008
88.531651
35.956698
117.557918
351.366837
156.101757
213.629098
137.661611
72.707646
37146.901698
519.543649
181.298187
191.413215
124.902138
117.956341
98.304595
364.356052
32.224052
291.750309
194.916207
345.814718
438.57121
178.713114
24.239722
198.661592
54.68212
84.961188
62672.037997
49.685495
89296.268295
14.65166
120.275752
37.511428
148.804386
83503.099765
61.479064
41.448836
50247.373655
100.68081
90.215917
138.849775
106.405975
184.534669
25.709064
117.84348
218.461191
31.35944
97.52013
367.838115
86290.123596
98.605218
7.843761
103.366449
209.813115
79.103576
99836.100753
344.421994
61.874445
5.993342
155.939115
99924.173736
61.042834
162.526485
178.76067
39.287997
3.448844
380.806306
61.667309
330.429437
40.174242
196.020876
88.218225
239.947752
273.332269
502.547323
281.768905
149.185498
16.372766
140.250537
542.581155
212.614091
24.627491
41.856365
80.365776
49.932118
81761.283213
84809.801172
101.720484
226.985394
112.229126
94.103759
193.682205
626.15477
231.483411
139.408747
7.878784
116.76174
27.622971
111.141705
122.503421
553.010044
239.19479
90143.718482
116.21249
121.845809
36.679269
94134.742181
157.561578
120.343584
19.348181
42.259846
69.05322
29.372878
313.784975
35.25677
129.600835
28.11792
35.301584
261.251462
94.956723
169.874311
57850.588896
545.499036
273.016406
316.67823
472.279195
230.688412
44323.466196
59773.922152
55.560892
188.849095
67.632532
85.530122
155.464948
185.749249
27.473691
226.285548
157.089563
84010.084292
97.960904
11.23803
75.949697
654.65904
218.68438
16.837769
6.835774
132.481323
90.057071
124.4662
104.6409
211.364291
135.011153
78.251436
115.723206
56.233237
709.077138
497.939993
109.961845
593.289862
195.385002
66.339655
96.610258
142.302932
75.755091
126.200848
90373.946738
11.948982
261.650114
171.508801
159.4212
335.74178
41312.432339
55424.959789
187.510486
725.257734
418.203946
82.211913
168.233766
110.374627
190.979424
172.118815
71155.551762
36.209605
85.065238
221.250329
224.569559
460.962888
134.097085
207.23517
282.958672
356.885447
54.659772
29.715836
97.986473
289.841217
183.466576
175.756451
86.768461
190.865693
52.175898
124.14129
99527.421885
252.964088
114.986869
106.479713
15.369649
92.187297
161.475893
132.156889
144.658459
177.293279
73.080753
325.480753
136.678197
41204.66079
187.128235
104.985668
116.253862
18.323567
67.614934
345.337239
44.053266
607.798092
59.033489
167.926569
164.257288
111.627596
289.281188
45.386675
112.844394
766.411541
133.381621
107.682553
78.131689
79.818535
95423.707875
537.205681
166.500983
30.215476
79.058559
53.493409
137.642243
203.663459
19.840083
84.76437
357.775262
69.003636
133.229728
70.540719
133.398814
223.547668
310.3146
82.588147
50.884457
420.655092
199.246123
99.404676
183.200416
72.358029
241.466882
211.457831
194.183307
131.047892
27.626651
87.276244
143.031369
154.812576
105.29801
103.646761
251.787245
85.187938
20.241592
180.230718
161.40618
107.309143
150.211196
151.280775
79.115753
64.583339
206.287048
262.021828
171.325417
105.467504
202.269874
153.217964
107.535049
278.896072
83.891231
164.816969
225.40076
187.830157
26.511674
413.886964
97.196752
135.418432
82.846914
269.603279
86.479223
223.603225
25.974572
351.138245
433.131656
259.770114
38.791217
336.258764
217.485753
299.103138
184.794375
20.736513
112.346863
70.080955
36.040519
46.933384
855.428023
99.72753
279.308522
166.236542
550.659574
80.463941
75.40031
26.020663
171.863084
47.77413
120.690549
247.189507
6642.56972
135.861456
136.91064
114.717311
3.197613
94.152038
83.925568
294.578302
133.799231
117.169626
193.852574
757.606165
124.956847
502.099559
206.134125
648.208153
235.447398
89639.640277
78.20143
12.087555
126.057778
82479.436072
46.205236
80.62403
97.586654
82.969037
75.391635
115.806563
37.599665
88.772875
266.991706
184.781317
64.285868
44.834822
20.852074
246.369631
99.302806
497.924947
225.667036
64209.682937
287.015735
101.72016
8.600014
174.010638
160.768876
179.780932
65.013686
131.129112
154.900108
48.611605
46.451322
22.9761
147.847156
227.305402
105.962186
49.136161
18.819015
68.343305
59.570491
51959.140743
212.213189
30.82377
140.528362
146.635169
64.308504
231.229512
618.471453
489.247418
48.891356
143.738132
288.232886
84.213193
293.332213
98.346333
150.541916
97.398153
331.868883
466.957783
155.285025
84656.434772
54035.068229
102.632194
129.625594
34.423962
137.144579
757.923007
58.095549
128.401659
87.244488
179.97053
45.925079
223.710054
75.37922
155.445699
61.43658
223.292787
209.139023
34.259993
99551.257614
373.807577
22.927163
181.724237
732.660049
123.794929
97.242499
85.890096
156.875509
87812.539002
283.526396
91.778975
10.551931
49.606389
103.155363
100.261397
81.960837
17.405758
36.276413
266.890909
14.059541
58.459502
496.684327
149.957733
376.340072
116.003646
241.134266
165.099037
55.960458
101.637053
83516.608559
193.980367
80.258288
370.982522
49910.81252
304.467044
304.244434
59.407076
58.00594
261.527194
209.825193
260.033407
95.226421
124.033464
76.995017
101.128546
55.485312
323.590361
86092.245536
153.061869
319.937665
92.203541
188.537297
276.33232
75.066915
97.24344
255.822162
100.105914
277.137659
216.870913
43.442834
68.885191
95606.677204
20.303695
103.483924
64.037985
339.494729
122.781621
56.145806
135.815534
105.341111
73.137904
229.032648
79.960764
126.511569
306.455242
245.13034
31.334348
77.568604
136.152221
675.888272
93.7006
173.464997
206.684066
180.467251
96960.880371
129.826557
41.972181
73935.71974
149.370722
224.315587
273.651332
139.645864
71.281131
126.165062
25.383037
42.76476
908.227095
237.197812
89513.891211
166.264646
7.864147
115.046541
78.552734
201.441762
296.415763
230.97326
197.051462
18.046958
93415.29719
243.84572
203.455014
51.410964
257.877954
14.7174
63067.051749
43.942314
29.446399
50.452685
147.26544
92.56186
400.34949
32.378069
401.022358
567.603127
125.468349
147.841646
30.089294
214.952607
128.847765
151.934688
229.934214
158.301018
20.364645
268.869166
102.689192
28.265714
314.570501
52610.346916
33.708325
351.58334
46.106561
115.867562
334.747019
190.466444
120.344186
26.073689
206.481803
17.377471
53994.865548
79.7982
74.783552
136.187335
56.980807
70.715159
103.107413
147.112416
142.22288
104.118856
68.801997
223.687606
172.971661
74.715754
84.60548
88.005554
134.593958
455.992774
141.79488
285.316149
90.570327
218.32856
188.66483
23.43762
30.961863
94.920969
58180.193716
195.867353
279.547289
103.490935
71.013476
308.25338
181.306922
182.861121
95.405034
72.74966
326.713186
72050.757117
635.984924
161.343305
82.264799
66.803806
525.01529
77.461068
174.4075
50.425005
163.424658
480.056066
39.640213
59.128724
141.341429
112.782052
41.347766
194.348927
170.940444
25.919321
623.74585
15.673908
99.949434
230.025804
120.677883
240.20992
62.954822
581.048618
189.365714
63.728903
141.385596
199.250042
119.194304
104.517063
82.667385
58.614653
249.062747
205.059255
326.749209
37.73162
283.72989
92.945647
105.368404
438.916744
10.708246
650.692125
346.067093
222.470407
263.548822
40095.039734
337.16062
130.570116
56032.786803
152.924352
29985.580397
251.359768
70.70729
28.039042
120.049042
187.515578
190.102453
159.159103
166.231547
99355.245341
88.481421
146.577162
12.172758
256.823742
38.751399
123.721378
88301.340756
47.733753
303.573646
141.698265
280.809024
937.892207
56.189931
254.376945
265.673113
188.208976
115.664183
7.061621
199.285303
239.423332
79.955959
83.575073
93.214637
26.003872
144.058794
116.896409
152.660972
33.504825
294.412376
156.757682
213.917219
99827.059098
22.521034
82.20485
26.348628
26.282289
285.184632
487.742211
174.80222
99.60774
195.13162
3.171508
157.469549
82.449231
210.988167
355.958884
405.138691
215.952397
237.398555
183.476188
69.590364
143.789666
64.617931
58015.71966
43.000778
256.705283
251.359861
103.761396
641.734204
90055.346631
79864.291964
88.824359
11.704529
36.982614
301.17663
59.219957
98375.744782
193.444212
41.788868
223.274969
141.562351
545.550057
86.185527
65.850116
120.027693
451.636457
92.459763
87.996115
41.648005
450.421439
196.758136
170.085632
101.369685
46.686529
252.024331
182.550652
61.018587
240.897986
161.483232
25.835213
262.99327
90.654683
160.686114
45.039348
608.432691
181.205192
51.637897
24.067011
299.521588
89.036901
83.997064
86.408644
205.626903
109.887972
192.843136
86.067903
229.30402
176.575373
172.531059
910.397561
72.2899
55442.069163
292.368722
150.262167
66930.983931
100.378038
503.436889
105.704826
79.753312
68546.802651
129.488149
286.817091
57.522759
84.586698
648.463071
119.555952
446.490037
142.774612
370.344416
375.95093
169.8048
106.016651
164.718855
55.216243
86.001618
296.081421
67.197527
121.907853
190.074585
102.157903
102.180753
202.950394
130.049339
220.993451
159.213712
76.676686
88.754928
267.65438
142.484401
160.976099
169.422958
58541.567319
91.048934
60551.578392
381.371086
16.443986
169.343644
243.685175
217.523342
307.274652
79.948864
349.679775
194.230133
171.283061
119.83804
60.92959
130.443433
153.999811
153.765764
280.266149
68.230389
49375.152203
184.054787
56.23375
100.695605
168.502557
37367.226253
122.648521
70332.735395
139.334291
129.460109
265.587316
236.845306
81.499483
164.632157
284.755584
198.358089
490.105888
212.349147
25.839094
340.992751
4.779241
116.797264
233.367381
335.799809
177.987539
64063.510956
228.383782
173.208835
106.281625
131.947791
132.470256
97724.072364
169.236621
97.85851
124.211997
65015.721061
32.694107
109.08106
97585.498749
139.006397
635.647205
326.01443
212.145954
273.012859
86.613193
52377.59003
64.313567
45.990882
339.894851
348.850124
102.984826
226.791114
63.809454
47.072521
37531.356981
365.480995
15.131259
283.18789
177.597171
70.467574
335.518572
171.808653
260.129797
13.510727
111.839945
446.743196
129.530168
66885.373341
70.155493
97.679434
45034.386806
3.075498
33.826449
43.311977
15.299442
54.42651
868.896471
61.634321
93.783556
42.554857
76.931585
167.221858
73.559016
70.515356
92.410684
218.227964
29.952254
64.61729
569.942795
111.551051
81.783689
84.152754
92.079539
251.123122
151.751959
158.984004
146.558886
123.386422
105.326532
108.372903
14.154227
150.785032
185.374115
244.323377
97578.643104
236.823006
554.790308
71.485947
125.468755
171.104476
191.27964
101.185013
41.924796
73.629019
62.543006
235.753864
103.09388
301.051163
91.7767
20.340774
269.740195
231.839105
119.851951
169.147685
4.800504
251.188916
13.672666
67.584468
341.151168
96.499136
144.518425
90.370066
261.265624
101.197037
187.076027
165.373684
310.399638
18.69807
126.867605
403.084452
132.791771
411.982036
157.972294
73.717927
544.024445
11.300858
199.85153
137.199428
178.116313
229.531844
94741.80864
109.574214
69.594695
224.888076
117.909418
96709.689379
252.966826
542.642597
227.977991
26.13873
117.067853
335.42572
122.042766
20.198863
141.335462
102.578095
44.341901
119.501836
469.767331
71.807168
38.274942
14.961169
104.783528
125.284332
124.790601
29.427329
23.243821
67.991888
403.207723
45.706036
46.417999
184.13311
31.907192
41713.049681
18.424909
116.089162
33.377282
168.700801
53.346321
34.068449
69.78756
60.144095
457.03369
422.612548
59008.153937
167.513783
62.288008
32.610063
116.966373
250.313441
434.725667
189.440426
27.072884
66629.635083
42.884356
155.339144
508.415536
85.671019
117.524105
222.699907
273.909628
133.986653
182.209787
457.928601
64.735913
167.271028
139.694557
158.423388
122.33309
46.468218
184.943151
26.389981
308.273036
98320.954717
143.953036
489.594385
856.85754
104.473281
160.245924
39.87754
115.149677
300.120817
70.246094
141.350949
55.079811
244.356431
218.408351
65.101592
52.483204
16.027761
62.647992
169.04476
150.432878
47216.387726
109.377401
173.418017
69.335499
203.72078
145.024811
82.649236
32.988623
71025.791332
2.571275
280.343451
139.123892
74.825
93.599855
133.287061
18.492125
113.530615
48.856817
369.692924
99.312363
159.187806
43.955799
138.512594
793.201853
74089.719477
157.421499
250.451927
141.610946
146.204483
112.809748
79.339508
522.749734
541.458239
22.939133
54.896298
145.93616
81.678029
160.486514
48576.360623
94.927497
236.255715
132.026603
77.150987
152.890096
78.215573
85966.911897
326.703921
283.405944
113.296854
262.535733
67.495535
152.067665
54.050085
139.860749
356.383261
80.71478
44354.999954
709.098879
78.130221
302.201437
49322.219617
112.143884
176.592819
157.147035
361.395907
46.918281
20.693616
55058.878899
127.519813
32.766183
366.104172
241.638408
193.205443
157.41257
30.797788
62.898831
346.358782
80.171761
155.743486
87.176193
27.180398
153.922235
391.763478
96.432027
80.875982
271.113376
39.976772
275.338557
249.756653
560.01434
354.142552
89.754558
70.141217
219.797471
169.31181
78775.887917
82.880324
147.466087
189.630677
80.044974
215.04466
45.038286
143.733953
92505.561967
425.976071
43.181889
25.51231
72769.85925
132.22443
289.542976
112.792338
380.768805
175.342697
76.48319
199.833298
31.186975
370.787212
66.780842
169.18847
107.234333
101.356427
364.611364
151.192731
162.239386
188.637093
56120.190246
278.742737
334.016024
155.514772
140.258202
110.671494
19.404193
3.631914
213.261517
483.480275
805.008657
138.249947
365.045392
46665.036149
201.219641
793.334814
22.090079
307.017971
393.600136
158.038373
125.987114
36.293954
86021.398858
92544.142942
199.062337
50.148141
282.188866
157.702925
91.212695
167.429512
170.545363
10.663042
258.87949
44.645895
468.602917
54011.202423
198.916537
33.005919
136.477267
85770.365544
191.165431
96.758266
96.609439
78.280115
304.678333
49369.728455
225.859777
142.760623
67.774502
214.326294
79.587443
230.351383
88.104326
123.225843
104.516261
33.829515
75055.779401
3.525369
646.198434
82.384517
46939.997794
219.935507
66.822652
283.640501
256.080474
160.4743
597.431847
72.838484
127.605315
155.447027
611.27522
312.149667
147.810301
23.932563
101.540859
78.144641
70.852579
56.752239
303.608832
68566.61987
37.618351
32.624086
12.008731
322.678103
114.389809
67125.965402
283.723282
63.95077
119.298853
71977.229985
568.334848
53.350075
80.460527
85.6989
38.106993
51.302243
86.013773
532.511619
203.190824
78.76816
306.004243
112.027677
388.266125
198.96225
11.903672
212.968578
461.403494
795.448284
64.395229
242.260994
406.982808
760.987998
56.001032
149.82339
37.889928
90.062525
88.239543
721.443116
127.314874
470.931146
71.598174
246.470407
57.156867
115.585306
133.336899
233.667146
120.859527
17.527878
13.328384
78.360133
163.507315
31.532782
37.799335
66.041648
212.113302
290.289381
252.73287
131.247137
92.759127
117.852384
54.506897
53.883108
15.274859
241.781714
57.451283
94.752963
695.741895
394.172636
190.825891
225.307736
59.664103
46445.762191
308.360701
48.705475
57.476176
86.383262
74.440769
148.893374
122.903034
137.36162
106.134771
63.768921
101.632188
191.353842
103.162552
331.099572
110.016571
234.291873
83.351074
92.074522
154.605461
83404.613841
189.418105
221.492669
57.260566
128.698704
25.599184
470.85198
198.615799
45.405988
148.890825
31.771186
48.420115
69.975756
56.142745
78.746924
265.71758
12.693028
94.28283
54.558539
187.060983
237.375673
213.191256
618.847468
373.691507
79.056346
65.492055
388.336464
98.155367
524.041859
297.63071
298.830969
207.113095
60.142715
98203.301924
90.659314
81797.39227
100.982675
120.835134
349.666255
25.983128
20.290476
429.580709
174.220345
42.097598
26.714432
167.150131
199.981535
890.121536
263.884755
152.804496
37.053992
156.051136
455.29185
198.16013
266.595916
163.441868
286.474088
77.534351
323.198691
119.350255
19.156515
224.905564
72.584781
572.929406
66300.693329
187.591459
98.354884
147.228922
184.517389
179.666035
169.577195
55930.340011
24060.11368
89293.399556
18.460733
37.513161
164.497784
155.795435
61.258113
12.347494
399.38281
223.295021
101.932578
32.92234
98950.53433
117.893232
198.813394
50347.510427
146.634328
55912.459494
119.856664
164.833274
305.045426
225.947681
227.471674
187.95652
128.156295
4.240884
110.318411
128.615901
135.413908
259.750839
174.147378
46.707929
104.167239
78.002826
354.837282
173.517137
32.146013
61218.44613
227.290079
359.070506
303.715025
155.871515
42.990926
585.502701
231.758582
539.871629
99.661993
91.422621
279.539101
102.900614
31.972019
561.921996
62.234262
188.54979
311.874157
174.871803
73.232763
26.337414
51.388442
179.457935
40257.612617
338.452615
54.01189
162.289731
59.70128
130.96229
300.183822
143.46726
78992.89397
109.564679
128.07443
110.82708
44.980105
78.324064
24.578249
172.947302
60.687024
95213.021172
203.70783
17.594212
109.205777
185.644732
53.0735
143.793305
194.028815
187.712485
96974.681224
15.297077
109.473885
272.427332
145.683209
338.145466
173.625958
631.344964
126.928561
56.067113
73.218289
42.581229
118.599796
272.465205
16.142502
13.364889
98937.035845
150.766261
231.960154
550.555305
81.502037
212.535362
108.274473
58027.295809
147.426509
168.975696
173.890837
178.268568
108.868593
215.162152
140.539344
36.90233
15.920389
21.809637
189.796629
194.152556
174.602519
72.837753
100.927665
142.057879
335.558522
195.393855
218.260307
129.336201
514.694757
422.770082
86.104669
141.372097
80.094238
333.434856
431.259576
54.15005
909.148856
293.228962
40.185837
51.375476
29.10223
88.746872
77.812852
319.876427
94.5505
799.968424
213.285944
51.725116
89.632445
29.118949
130.197203
56.481166
370.038784
198.405932
90.833329
21.716086
210.803455
316.87635
81379.686055
83821.986409
98148.223796
322.244505
92.19122
90.321551
85.433628
193.520372
