0
0.003449
0.003365
0.030213
0.012476
0.034068
0.017912
0.020886
0.086213
0.207994
0.037038
0.106439
0.177782
67.196978
0.17389
0.290916
0.092744
0.395981
0.041225
0.182078
0.097476
0.217307
0.253838
0.109269
0.129015
0.080879
0.14392
0.121258
0.219137
0.433657
0.304102
0.524535
0.350076
0.19364
0.115654
0.2529
0.325359
0.476909
0.015848
0.173657
0.433276
82.422961
0.321961
0.155048
0.776192
0.044508
1.76497
0.052522
1.201131
0.877278
0.089097
250.263031
0.12072
224.46559
0.127177
0.07125
0.721721
0.030419
0.054853
171.475741
0.227164
0.324911
0.680458
0.419892
0.69433
0.102901
0.12708
0.479653
0.105644
0.554335
0.476944
0.396439
0.328884
0.423507
0.140219
1.590705
1.158155
0.727112
2.736898
0.909944
0.303237
0.185316
425.0085
1.446094
0.186052
1.238095
0.431695
1.544324
0.562356
1.685962
0.412135
1.467004
1.921411
0.312274
0.392913
0.769644
0.181537
0.566682
0.899961
