0
4.177065
-16.008996
277.614965
-105.61954
-167.695291
3.787796
19.827115
87.668389
250.431996
-71.623522
174.793831
-180.684145
-38421.000273
-1.294442
405.679189
-88.043116
-615.258522
-3.168578
154.572309
38.571692
26.382215
-241.63337
19.866919
-41.982243
-56.818381
-23.350361
-71.041209
-135.961029
-311.088145
164.049778
14.318687
259.85481
-20.658692
33.784832
-36.369062
39.201059
-279.957073
-41.532715
-26.578231
296.389159
92197.662534
71.23111
117.45989
-19.353759
-59.32361
-360.363723
-34.111837
-437.565308
107.835722
-47.513999
1860.784651
-204.286993
-48882.549384
15.48699
-59.631861
0.987533
-28.00908
34.318498
82631.913264
-155.306013
144.398682
-219.847132
133.501154
-114.157726
-44.718378
-121.21608
60.054225
9.228456
92.499452
100.793121
82.019935
-19.511553
257.553115
26.014553
-494.249872
187.572518
-104.586559
217.604708
156.665514
-14.978171
-3.764562
-18971.176274
428.736791
22.346816
-127.466385
255.396031
-34.579615
-136.823418
465.34044
-75.61391
-30.827462
-143.143907
-0.081283
-49.099347
-30.939939
8.48858
-139.250874
-65.755407
762.376203
62.20496
-88.923428
-188.733861
-102.152833
-51.604728
261.081237
152.861641
-128.089244
-94043.816883
20.424207
31.641104
21.680663
-9.364349
75482.871988
60.197798
-230.076621
-69.6981
-891.842124
-12.720744
109.345178
-293.945731
107.6895
-64.888859
161.13768
826.885007
-140.861556
75.860439
-63.950089
67.896054
15.658167
-156.095081
110.525093
-270.767989
-134.608237
-17.150637
-0.190331
74.145911
252.388978
-46.954642
386.579925
-103.904622
137.204014
54.63621
369.213828
16.661744
-7.355907
-115.439943
35879.540675
19.956055
68.645748
-73.513429
-89.297006
38.843633
-90.231883
-13.877167
225.810974
266.813234
-16.055582
-94.364199
-3.01437
-437.034501
344.587405
178.060123
-133.942611
250.145114
-289.999983
-88.915731
145.576517
-34.40531
-14.239841
-75.642435
5.540428
809.886202
280.679362
183.415834
168.909308
151.191276
-49.357866
-49.62904
-15.135401
-45.68746
317.12577
342.357988
-76.389577
5.954951
14.483766
19.126563
-13.585222
11.086129
329.431374
16.358358
-27.616666
39.775756
-139.558438
5.44498
86.631494
78618.032387
479.317936
58.770021
71.231266
-144.466725
29.5243
561.82321
-106.564468
-456.581777
-11.271892
33.561449
-271.194666
91424.664275
91425.677769
-19.892386
-120.576883
-94.177855
112.400634
126.739058
348.241776
443.160191
175.965048
-300.584588
10.326672
103.205714
146.67428
-276.724916
23.37708
1.584382
-30.245039
-42175.279298
86.009038
47.716651
257.666284
66.370303
-242.95341
-92.668268
319.036068
461.32611
279.525206
-5.735445
-100.544611
-20.964675
9.799269
50.48293
43.040032
-81.183715
-266.666695
170.483479
-30.696132
46.399909
26.461824
15.930222
42.718014
197.751327
-42674.417517
49221.055543
-83.309585
110.190599
-38.173795
182.983227
-110.257916
51.728256
328.175043
-136.969528
-80.440932
98.435731
2.386423
157.509167
-68.536058
-90240.55857
-7.122563
85787.308291
129.853791
201.090342
-118.64515
-182.324833
-548.374856
683.988975
-81.619499
20.530091
-38.801012
525.241452
88586.215748
205.617465
331.88334
201.125146
30.924749
-588.59149
-565.198658
98067.557373
-118.556782
113.990647
-232.531103
-33.470217
-226.613145
341.125326
-69.670816
8.179677
-220.577579
-18.504503
103.203505
94.736258
-97.360579
-24.872663
100.666987
244.290098
173.302058
69.613257
-22.304365
-63.264315
-51.084234
19.029328
-166.430721
-61.440116
101.932247
87549.518964
-76.213378
51.90333
-136.665343
37.107583
-166.550963
-235.399264
88475.957895
-55.157032
-41.748243
201.908148
44.001623
99.945926
43.215465
83.121861
-55.400633
-112.312759
-19.651019
88529.351835
-177.745071
-87.489016
-82.267921
86737.499474
49.653559
293.667641
-34.412961
91600.68885
-223.373437
-53.796524
-39480.743269
-42.637496
-25.793323
119.527612
-61.037283
-169.766126
495.015041
12.864324
-142.209759
-40.196984
-32.569547
73.225456
-143.506445
324.86482
-116.922329
-11.014491
-89.660383
-867.625833
-55.021003
173.836735
-218.252478
-277.320706
183.245654
-92.492694
-222.130825
258.814588
-445.321318
11.699052
349.15242
-303.68709
-76644.73273
-215.57954
-77.797268
99.826701
16.312653
20.357083
-166.311133
23.669367
85.415532
36.105208
442.359171
-98.937647
0.210715
3.694304
57.173628
92841.252916
417.610869
20.393756
-108.90824
150.131439
113.818122
56.965593
466.167829
22.28464
-170.227545
-121.809155
446.71087
716.750782
89.703967
10.426465
295.22883
116.134647
-27.905369
77912.623077
50.87996
44971.284755
-40.733913
188.612524
-105.909899
78.059251
54989.791115
141.539654
-30.138357
-86452.158328
16.454962
1.634518
-1.219378
194.515247
-169.539634
-33.094618
289.416927
127.839272
-61.153028
98.327847
-353.460838
50499.79568
4.129021
8.064194
-65.789006
154.183565
56.586744
5246.502001
-177.600816
-71.554872
-14.714076
176.162728
-3130.757445
158.111111
-130.977241
-69.7699
-3.927804
-2.633508
-654.85012
-94.824539
51.095219
-211.737591
12.356905
-58.405046
130.554424
80.100454
198.717789
-18.97564
-38.376735
67.139892
-106.882445
-504.11841
-28.624054
-44.857955
17.107033
54.439008
-8.463501
-57542.981966
-52944.313089
416.94865
303.195261
-122.811107
-172.005639
-241.485765
592.332374
-374.76436
204.503844
8.107843
114.651249
44.762378
26.478222
-70.637174
-229.246146
-65.750698
43232.451356
-86.897693
39.227251
233.541993
-33660.631602
169.535177
-158.713472
97.19979
-107.600637
3.33526
-26.227741
69.744605
11.619575
-33.365994
-72.560066
11.525733
119.479548
111.699616
168.393049
-81553.835442
-620.677206
-222.248162
170.40792
139.51399
107.200648
89632.904876
80153.478849
-537.675415
160.884962
-41.369512
14.64813
0.329573
-103.642324
745.762441
-98.609015
-5.177873
-54194.805525
-142.580172
18.300258
-157.452257
-124.674882
-4.728049
-19.42844
-15.24491
-28.212075
78.036258
219.693611
267.610769
-96.819145
-43.984693
72.370388
239.438695
-201.499503
-213.325502
-659.448429
-104.858729
303.594135
-77.000355
6.770993
92.626393
77.468059
-82.952351
190.852508
-42728.977735
6.632053
174.270415
-125.049148
-73.089734
931.384999
91059.491018
83219.283249
28.562123
-79.608108
-161.37906
-20.124216
29.886313
-8.39971
83.052108
-488.684647
70231.250531
-15.457211
212.419399
83.022246
135.692224
-475.289694
4.359112
241.741412
-228.239902
-512.974271
-3.465626
-17.587873
-57.982631
228.207836
-177.161427
-149.724318
190.826255
262.584052
33.731272
52.322198
9216.196617
-86.258894
13.871749
203.711481
191.321647
-26.186223
-95.396593
-56.223207
-112.78655
46.944233
235.839618
226.779478
145.400084
91107.100635
20.352849
-182.451117
-47.058378
-77.740092
224.208557
129.563851
-39.532069
-315.182381
22.631033
-52.609842
22.23014
3.246589
-442.918943
-21.520253
56.169802
-149.516502
-27.424986
-91.951406
-352.445476
-118.449911
29742.048
386.880362
75.292829
-13.345633
49.44485
-95.149765
84.953277
-388.384244
-286.669809
-85.16592
471.150665
93.395145
112.166554
59.534784
-312.853752
4.272102
-43.201613
66.999157
-113.990612
-629.897898
-210.409105
75.455244
-8.159303
-30.001634
-23.204147
84.393082
-38.221715
105.132453
40.336811
-7.41749
-129.560831
-193.06213
-26.713408
-496.906891
-85.202242
-11.289703
-100.437165
103.439082
-133.666019
65.519258
-86.888609
-153.406778
-52.45625
88.284648
-116.387014
22.602811
104.557569
309.287907
-337.690462
-121.000702
-296.537973
-11.929502
-80.070966
-194.621071
128.817646
170.5643
-7.021385
284.591936
-15.098621
-86.997504
-77.155006
16.220132
34.830587
-78.024804
14.461264
422.411902
-672.416469
-325.63693
4.502872
302.527354
-212.184011
-403.651514
-107.05907
6.51252
-50.274691
48.985482
-83.000769
60.846502
-101.955143
36.851071
55.198565
329.379145
-174.570161
107.846112
-267.333499
19.357659
-6.674983
169.119205
-156.427509
62.327841
-99778.813358
-94.475544
-319.047335
-85.708197
57.019761
-101.25543
11.836385
-40.890999
115.745586
-205.277744
165.656879
-362.406065
59.546878
6.07301
-191.818019
-468.181872
-96.058456
-44187.61454
17.786759
27.763257
-48.948303
56450.508842
-38.440576
95.675799
52.470284
27.319281
-103.855819
-81.429101
19.715126
15.425496
-120.841944
77.220559
-108.272392
38.789258
-10.689089
-132.927276
36.023735
-370.766124
-275.02491
-76619.751938
-344.35539
-80.367968
14.409503
172.4668
61.954279
-110.160435
64.439194
119.224115
-2.035287
30.96614
21.957479
49.472541
-113.061607
-379.517589
-95.107642
15.537418
103.790103
-36.350566
-51.908741
85414.943607
54.602653
-31.665333
0.176736
154.048052
22.307707
5.02565
-131.969941
-87.995384
-33.143995
51.111304
-247.691687
-189.576124
-308.030879
-38.539309
-191.040697
188.61133
166.928921
588.973192
-232.09638
-53108.702862
84112.948326
-206.843551
-98.88984
-21.384253
-8.824812
560.806159
-50.357522
45.211324
-10.476524
243.67659
-30.759738
412.645103
11.212898
31.418175
-117.11209
280.204654
47.216866
-41.257572
8424.321502
-16.736949
-113.71681
-179.789849
53.417791
18.6889
92.168096
-187.40709
-76.161369
-47688.920711
275.112197
18.099895
-77.346312
-98.712237
108.391404
-451.954666
-12.955892
-89.64688
522.299488
177.086808
137.402672
46.404179
233.926491
184.090215
408.330865
-62.621213
200.025454
-44.82942
-270.504245
-117.628138
-54874.63218
-70.609681
169.546886
177.338461
86625.261561
374.821337
393.405172
-171.120985
-5.333956
271.779391
-88.15933
87.85504
-106.40273
-117.918634
-19.193813
-21.122474
90.599788
-34.272929
-50722.377794
-39.489622
175.000683
-314.608957
45.64207
352.945281
20.461374
150.85103
167.141659
129.737986
474.264377
-189.515938
-50.528272
-139.127019
28976.726167
-67.42537
153.9119
14.588608
13.65431
28.881519
2.01734
193.39576
-147.30146
-16.339167
367.193642
-64.289619
183.200212
505.969564
-98.817937
-105.950999
59.530222
-94.947433
426.803934
-147.166492
215.815998
238.117542
107.211563
-24027.554638
-78.762239
46.849169
-67238.750464
320.154068
-8.13484
-92.055313
181.822146
40.458623
30.909285
-2.574146
3.903101
-174.737128
17.160361
44366.505877
262.178477
-174.342404
-14.911137
92.234473
-11.704386
32.137352
43.428148
27.545181
-5.000042
-35388.64239
-138.920408
-173.197032
-33.172979
-163.878928
23.905324
77541.945656
158.480017
17.331704
22.299074
-21.665598
-31.382307
290.50084
-38.131652
-7.873465
483.660971
-184.505946
-101.585645
-49.962416
-113.475053
-6.937448
-51.199051
28.764197
105.630157
-31.97324
-23.875905
-44.990576
-163.404625
-102.152653
85000.147017
-105.602102
704.323712
8.413357
-136.589935
496.204345
102.367484
-20.603615
-21.315629
288.101008
-12.244148
84124.213911
41.613153
-49.065472
21.940148
-18.053049
38.323883
233.275509
-204.323781
175.798149
-37.33662
-49.22697
-44.208578
-112.641846
-31.477274
-327.042633
-79.82884
150.48939
-1.830607
61.655874
-404.282386
49.461935
248.687154
-46.450738
12.00974
-50.645442
-11.820504
-81274.903279
159.051903
-37.859028
113.063227
96.539752
345.032198
-58.777132
194.831235
-50.339968
60.918311
-88.675708
69237.246891
264.550411
-197.409209
-70.725145
-105.037041
-80.547582
-143.506807
180.615504
18.614672
-246.464533
302.803437
10.313907
-24.006127
-89.557593
-146.318124
-24.743849
89.262938
-35.431364
10.337108
615.822823
-549.226289
99.082032
-170.380148
118.009925
-58.246134
-31.922589
476.104127
31.831957
-108.389937
-258.776497
-4.274843
-111.963191
37.626817
182.057663
5.110575
387.477835
124.919043
167.531987
39.26389
79.131084
-57.938875
-115.224512
339.688547
-17.105583
-266.816384
-20.480853
-97.71575
189.034122
91581.734894
190.231038
28.588779
82765.899079
7.892368
95383.217409
488.374683
84.182563
-28.258338
-55.955107
-77.683354
-84.534375
112.839157
127.386521
9812.850616
32.591144
-19.804921
116.874518
-108.853275
14.421735
37.702167
-46659.529184
-44.687797
63.117166
-83.105055
110.260607
-86.191996
106.036177
96.549329
-82.298764
-146.354016
31.442127
18.745971
-98.767793
85.027036
-35.211562
-31.49801
14.671589
-297.368888
170.297366
59.631571
337.326205
11.603178
150.55457
393.558474
-369.742305
-258.647499
-16.894723
-184.47492
-22.430356
22.915172
4.223353
-277.288208
128.025116
107.731297
-488.668833
19.329227
146.843051
-44.47459
24.382395
-174.095773
-470.171979
72.956576
-117.463162
240.920223
-79.311701
-61.783546
9.320907
81375.648751
91.816299
-289.991507
6.082062
30.950519
207.877619
43132.916975
59986.560005
-116.267488
-42.828776
-57.052203
-95.398962
-77.447726
-16922.039702
335.666428
-8.10299
-15.284498
2.150473
491.847854
56.517193
265.139191
118.222643
-0.263494
-343.603991
-82.757656
-8.346587
54.435142
660.880954
303.917298
50.104823
-5.908446
60.865829
-89.592461
43.476282
-174.129914
233.516309
-37.063725
-40.94589
-235.623937
212.579478
-23.523423
-12.606563
-352.854169
-20.065172
42.348493
25.653775
-49.318243
338.114626
83.159953
-7.90781
-56.513714
-164.565453
25.776007
276.771962
-24.174803
-253.394615
-304.010197
-18.640771
83149.803477
-87.733475
131.035708
-74175.845722
-60.491454
689.95243
38.98495
1.809128
-72678.123055
-44.507481
-275.910632
-48.014504
18.382072
-422.722122
-31.664628
-101.223441
180.616611
21.813106
792.177025
-176.408011
-86.778264
-91.401691
104.929038
-21.771543
-228.565699
-37.306911
53.863859
-1.007145
-64.350512
-17.26328
-10.756361
53.40861
87.42498
-111.323904
11.92437
13.798467
-196.029137
13.971187
364.283906
-48.861264
80982.094828
-60.587082
79483.422918
253.663433
-41.900528
110.340901
149.865392
406.00582
-170.742023
55.829097
-346.19769
316.709657
54.755787
61.944926
287.708881
-337.911695
-106.055585
80.605884
-127.919107
-61.794493
86898.124355
-110.551847
74.991889
-84.969564
-142.167489
92722.633525
-111.321401
70931.505596
-15.017865
-39.065182
-243.879249
230.863388
44.511205
319.6356
-178.649712
-46.097267
-285.542406
95.069381
53.752349
-21.826859
-1.385667
-99.822581
299.77141
80.303581
-483.608375
76660.849089
-103.581234
17.769223
-317.02801
-65.775055
-17.025083
20124.293513
-119.444615
99.970158
100.897922
75847.754255
-76.921883
185.182631
-20774.41843
-62.396567
580.671844
576.00462
-20.855557
12.916751
-13.558982
85107.985559
116.305853
-183.697332
-408.467384
-130.162737
7.673699
182.520674
-10.680655
-19.470096
-92652.476648
96.167275
-17.001193
-261.694274
-166.710962
-208.118261
-161.561699
-284.095727
-65.276736
485.247917
15.987518
-344.414163
-79.406606
74189.207611
-37.04707
144.458545
-89228.691427
-17.224019
20.00112
187.341554
5.540292
38.459405
-362.208221
-40.851279
28.11224
130.768054
73.435278
-20.674147
-25.96988
-29.41059
-64.462028
-209.664515
-31.8883
-181.855753
784.911633
-83.655268
-122.599405
-195.816157
-134.173442
-162.014235
-122.46501
-51.47146
-35.017247
17.915321
29.956626
-2.889378
-17.07492
-59.859113
-16.18787
7.915087
20685.609831
-195.682858
-326.809464
101.082509
-80.728004
-63.156013
-171.177251
75.428914
16.015841
66.122537
46.388759
255.982857
25.613715
54.556422
-97.224159
-102.818313
292.530602
147.816662
-141.34549
179.443421
32.849703
-66.161863
-17.965041
-8.551539
399.986377
-26.787672
62.2781
167.128006
526.674352
-163.355837
251.154686
66.240677
12.890312
212.393592
68.541653
-93.771749
204.343854
76.584912
-4.571559
59.184918
328.756318
9.833173
-42.745612
155.863146
-133.038733
255.164977
31197.620472
-36.352593
-127.256468
-220.573554
51.653022
-24377.01524
-19.738208
249.852339
326.278476
-25.183876
228.694792
14.550018
1.260057
11.313264
-434.064695
30.488867
15.190259
35.523681
-465.423629
-90.607827
-88.56432
2.343333
-110.106318
-277.782078
0.701704
-32.133128
-40.297871
70.038625
486.872142
-15.829817
21.38098
136.90351
-87.345606
90828.084875
-38.532979
115.401858
-44.105244
36.096115
41.111947
-5.217936
-125.238952
205.460221
574.911987
211.982389
80604.435468
-187.664917
-3.574465
-74.720694
3.458869
-27.073734
-47.278891
-6.179684
-142.789647
-74387.698899
12.6036
259.904306
187.902389
-99.871946
145.959352
19.359556
-86.980295
132.429937
25.250452
149.645934
0.428195
13.791071
31.761915
-77.219703
84.574077
39.427185
-25.56265
-6.333552
266.415018
16525.273539
24.202263
298.504209
-344.33548
-273.890364
-165.082376
-328.700657
-58.621389
-380.802955
4.676382
147.936985
-73.238441
-527.194008
149.516324
84.841909
171.639601
2.89385
-245.902837
-65.567858
29.8986
88070.11243
-74.495577
-128.779524
24.501011
-7.189713
-187.046129
-167.519572
24.744457
70163.604718
2.493057
-334.054353
81.872429
87.920947
807.567003
56.430124
-37.173211
44.814885
200.713237
-538.166062
-70.577508
302.946278
-46.523096
68.199758
-422.280697
66892.855884
-133.867902
182.497977
87.12581
-90.601908
47.763916
78.582168
118.150071
-166.416727
-3.256358
-31.74497
140.371588
-77.052863
46.144128
-87318.348651
245.316694
-83.292036
-109.890233
-197.215996
-29.678458
199.233109
50592.264529
6.082485
-122.406581
-74.745223
-112.713239
-78.149349
-31.291627
-90.734767
180.746545
536.984279
160.951209
89549.432477
-351.565615
95.764069
-86.937596
86893.653384
-51.147871
47.600231
211.54527
149.241394
-221.291241
-3.648409
-83350.854202
40.524861
-79.689986
46.948877
-109.245399
56.750659
435.179495
-1.648729
15.243645
514.756773
137.709538
-105.061271
0.794891
-9.878717
38.670219
522.125229
318.975987
135.825061
-286.704624
-33.809365
137.49385
39.897504
-148.837118
-486.394628
215.583271
267.123706
80.282528
-290.678709
-61234.055385
-12.912353
36.52852
-542.286804
-25.60545
21.771712
-62.241254
90.073535
-37148.563682
-517.342603
-5.493629
-67.065487
-68304.579447
114.270874
-172.270506
-173.344904
170.289804
132.442984
272.685757
-43.946611
-56.270156
455.526206
183.044156
268.217819
-44.345978
-4.404397
-34.921572
36.136398
266.712515
175.830636
82623.828111
276.9731
276.80621
45.503067
3.889767
-52.091572
15.343049
-7.774227
-68.323482
9.862213
89.111193
158.895965
438.455528
88349.029789
583.298638
-126.942077
-6.80576
16.333529
-286.054737
-36.807179
24.697626
-54.005162
50424.388198
36995.227737
-97.194816
37.828372
334.83214
72.704878
15.366988
233.066823
-33.801657
-47.204113
-332.39642
-28.851716
-73.707337
-84022.021531
16.695878
85.640096
82.120542
-50837.315236
1.740837
-180.427597
84.086352
-59.08882
53.595246
86850.57017
43.741231
164.705297
40.846175
205.59808
81.340791
63.376025
133.937966
17.807629
22.902169
-91.457047
-65731.393569
-86.88442
684.83676
-254.261449
88195.906622
13.311701
-18.819164
-135.642266
128.279334
104.287431
-145.477852
-40.372646
-56.060505
-11.232417
-453.824387
-4.765806
49.610241
-162.982339
-36.973105
-64.090015
-40.565489
36.978052
59.134513
72520.615153
-81.43122
66.191616
29.355614
-226.340851
26.038353
73865.375894
-128.363111
-41.26614
68.355111
69104.683901
-91.54043
-88.327302
-4.106814
-42.462985
29.865569
19.35218
62.481124
253.232123
112.668161
-4.577657
-44.730117
-123.715178
-281.223001
96.095289
-12.271026
-300.686037
243.644711
-150.717396
152.407558
162.150184
174.484167
492.191195
30.318939
-173.089486
-170.632895
-200.831253
-49.090933
368.619096
-86.807834
495.361706
-51.033432
-203.56879
-130.813487
91.319316
102.469589
365.989212
-35.286688
-40.445351
-13.908512
57.644013
120.438279
-34.178159
186.283905
162.745546
-444.146233
472.874167
-92.695126
-54.99825
-40.297558
189.230936
-23.251595
159.410451
-9.36891
328.023804
17.510068
78.854881
85.965728
-84.247453
98.465609
204.242185
-48.021108
88445.949375
215.467019
-22.760257
-29.053916
-172.442944
171.68299
-118.500148
-64.004979
-252.047243
-25.533121
-61.614467
-48.083173
-17.469579
309.924482
115.388086
-99.296278
108.171122
64.869908
-91.386513
210.707558
54563.92556
-462.361272
-98.343491
-71.029581
17.906173
-13.124375
337.918184
18.249209
5.333409
35.868965
72.318526
53.630515
-117.126868
-114.034761
-142.959884
-31.098102
-41.803752
19.408533
-70.571105
-170.53308
7.594429
-86.24246
275.712799
509.462605
-13.469874
-68.837658
-241.079033
-522.688526
-156.674747
-48.609931
-254.5824
293.376567
-49.404685
-16122.558502
-77.505533
56941.717591
57.31107
-162.471156
-406.893178
-154.549285
-4.412393
-330.121291
332.675337
-329.520844
-35.023523
-63.333306
161.335417
161.633474
379.465174
-17.397499
15.330802
-159.526361
70.28198
-22.234216
-469.455906
161.572127
370.825175
-77.993405
-92.795032
-31.676361
-41.519429
-254.151856
-4.59414
-396.743501
74559.454733
-229.128285
36.150392
-89.045475
-43.392419
-36.082259
159.799676
82700.755111
-97031.520781
-44091.195062
-12.127866
-159.815449
205.614336
273.840443
0.175934
-15.269171
-10.930117
427.781466
16.868542
60.236242
10323.107843
60.715716
-114.674977
86247.178446
193.577867
82710.170299
74.853909
-56.703844
259.337642
-158.56504
-194.656661
39.59833
-176.281808
18.748497
84.892777
-178.320929
-87.954875
109.811539
-43.935589
-3.088852
94.479031
-35.983652
17.091603
-95.358215
30.827135
78816.675245
-12.20809
-3.411122
-428.688199
-382.355768
-82.764366
331.702074
233.73161
-632.32612
-41.82155
69.01573
-334.218488
17.533451
-24.101293
1.202092
35.396213
63.723844
376.780511
-138.322724
41.663453
47.697405
-13.215163
11.861616
91441.191937
394.276694
17.77234
-84.632129
-19.285484
-7.997116
240.759139
87.328114
-60752.274482
107.380662
-120.952304
137.097541
-74.800961
-221.72099
-46.84613
-151.144718
-85.767456
-28853.088798
-88.660945
-69.308118
113.217161
-14.701637
72.98278
46.009459
-221.233664
241.786691
22127.254524
71.353259
2.990817
483.306698
304.418352
-7.368291
-96.709368
-455.228621
201.659384
-85.674704
181.727458
-19.831318
59.196337
421.229878
-8.281533
-64.623552
9952.781144
-5.875621
-126.223289
-45.016841
126.069282
12.603068
-50.178487
81202.209994
45.276733
-125.7458
44.631981
52.798686
-30.8574
190.303893
86.19342
-131.472935
-22.027569
-27.132883
69.75222
-111.175561
-79.246888
-117.313955
189.582683
-61.995874
-112.754153
250.586446
-45.509659
32.296407
-271.915346
-122.173309
37.83166
-51.603086
-72.256602
-166.63677
449.906782
-103.344916
-72.263485
80.646891
-24.001348
-64.928196
29.98973
109.189059
44.917534
261.948784
126.444126
368.04231
173.979865
-113.653592
-56.017459
32.589784
276.337807
17.36403
198.591737
-424.935699
-89.68276
-40.262414
-342.941972
-249.538677
57410.876952
53735.133884
15760.702426
117.40001
19.502696
-74.277643
32.297012
-61.122757
